1 603 604 92 91
2 604 290 8 92
3 605 606 604 603
4 606 291 290 604
5 53 607 89 1
6 607 608 90 89
7 608 603 91 90
8 54 609 607 53
9 609 610 608 607
10 610 605 603 608
11 606 611 292 291
12 611 612 293 292
13 612 103 12 293
14 605 613 611 606
15 613 614 612 611
16 614 104 103 612
17 54 3 282 609
18 609 282 281 610
19 610 281 280 605
20 280 279 613 605
21 279 278 614 613
22 278 13 104 614
23 75 355 52 1
24 355 356 51 52
25 356 357 50 51
26 357 358 49 50
27 358 74 2 49
28 76 359 355 75
29 359 360 356 355
30 360 361 357 356
31 361 362 358 357
32 362 73 74 358
33 77 363 359 76
34 363 364 360 359
35 364 365 361 360
36 365 366 362 361
37 366 72 73 362
38 78 367 363 77
39 367 368 364 363
40 368 369 365 364
41 369 370 366 365
42 370 71 72 366
43 79 371 367 78
44 371 372 368 367
45 372 373 369 368
46 373 374 370 369
47 374 70 71 370
48 6 69 371 79
49 69 68 372 371
50 68 67 373 372
51 67 66 374 373
52 66 7 70 374
53 407 116 15 110
54 408 115 116 407
55 409 114 115 408
56 117 410 111 16
57 410 407 110 111
58 118 411 410 117
59 411 408 407 410
60 119 412 411 118
61 412 409 408 411
62 119 120 413 412
63 120 10 93 413
64 412 413 414 409
65 413 93 94 414
66 94 95 415 414
67 95 96 416 415
68 96 11 121 416
69 414 415 417 409
70 415 416 418 417
71 416 121 122 418
72 122 17 112 418
73 418 112 113 417
74 417 113 114 409
75 635 300 5 65
76 636 299 300 635
77 637 298 299 636
78 311 638 64 4
79 638 635 65 64
80 312 639 638 311
81 639 636 635 638
82 313 640 639 312
83 640 637 636 639
84 637 641 297 298
85 641 642 296 297
86 642 101 14 296
87 102 643 134 11
88 643 644 135 134
89 644 645 136 135
90 101 642 643 102
91 642 641 644 643
92 641 637 645 644
93 645 646 137 136
94 646 314 20 137
95 637 640 646 645
96 640 313 314 646
97 166 455 123 18
98 455 456 124 123
99 167 457 455 166
100 457 458 456 455
101 168 459 457 167
102 459 460 458 457
103 456 174 19 124
104 458 173 174 456
105 460 172 173 458
106 144 461 175 22
107 461 462 176 175
108 462 463 177 176
109 143 464 461 144
110 464 465 462 461
111 465 460 463 462
112 463 466 178 177
113 466 169 27 178
114 460 459 466 463
115 459 168 169 466
116 170 464 143 21
117 171 465 464 170
118 172 460 465 171
119 431 432 139 140
120 432 433 138 139
121 433 110 15 138
122 143 434 142 21
123 434 435 141 142
124 435 431 140 141
125 433 436 111 110
126 436 145 16 111
127 432 437 436 433
128 437 146 145 436
129 431 438 437 432
130 438 147 146 437
131 143 144 439 434
132 144 22 149 439
133 434 439 440 435
134 439 149 150 440
135 435 440 441 431
136 440 150 151 441
137 151 152 442 441
138 152 23 148 442
139 441 442 438 431
140 442 148 147 438
141 35 210 499 222
142 210 211 500 499
143 211 212 501 500
144 212 213 502 501
145 213 30 196 502
146 222 499 503 221
147 499 500 504 503
148 500 501 505 504
149 501 502 506 505
150 502 196 195 506
151 221 503 507 220
152 503 504 508 507
153 504 505 509 508
154 505 506 510 509
155 506 195 194 510
156 220 507 511 219
157 507 508 512 511
158 508 509 513 512
159 509 510 514 513
160 510 194 193 514
161 219 511 515 218
162 511 512 516 515
163 512 513 517 516
164 513 514 518 517
165 514 193 192 518
166 218 515 217 36
167 515 516 216 217
168 516 517 215 216
169 517 518 214 215
170 518 192 28 214
171 192 467 182 28
172 467 468 181 182
173 468 469 180 181
174 469 470 179 180
175 470 191 29 179
176 193 471 467 192
177 471 472 468 467
178 472 473 469 468
179 473 474 470 469
180 474 190 191 470
181 194 475 471 193
182 475 476 472 471
183 476 477 473 472
184 477 478 474 473
185 478 189 190 474
186 195 479 475 194
187 479 480 476 475
188 480 481 477 476
189 481 482 478 477
190 482 188 189 478
191 196 483 479 195
192 483 484 480 479
193 484 485 481 480
194 485 486 482 481
195 486 187 188 482
196 30 186 483 196
197 186 185 484 483
198 185 184 485 484
199 184 183 486 485
200 183 31 187 486
201 571 572 203 204
202 572 265 32 203
203 573 574 572 571
204 574 266 265 572
205 575 576 574 573
206 576 267 266 574
207 259 571 204 34
208 258 573 571 259
209 257 575 573 258
210 576 577 268 267
211 577 178 27 268
212 575 578 577 576
213 578 177 178 577
214 578 579 176 177
215 579 580 175 176
216 580 157 22 175
217 575 581 579 578
218 581 582 580 579
219 582 158 157 580
220 582 255 24 158
221 581 256 255 582
222 575 257 256 581
223 34 248 551 259
224 248 249 552 551
225 249 40 250 552
226 259 551 553 258
227 551 552 554 553
228 552 250 251 554
229 258 553 555 257
230 553 554 556 555
231 554 251 252 556
232 257 555 557 256
233 555 556 558 557
234 556 252 253 558
235 256 557 559 255
236 557 558 560 559
237 558 253 254 560
238 255 559 237 24
239 559 560 238 237
240 560 254 39 238
241 232 539 164 25
242 233 540 539 232
243 234 541 540 233
244 539 542 165 164
245 542 244 26 165
246 540 543 542 539
247 543 245 244 542
248 541 544 543 540
249 544 246 245 543
250 202 545 236 33
251 545 546 235 236
252 546 541 234 235
253 202 201 547 545
254 201 30 213 547
255 545 547 548 546
256 547 213 212 548
257 546 548 549 541
258 548 212 211 549
259 211 210 550 549
260 210 35 247 550
261 549 550 544 541
262 550 247 246 544
263 231 519 223 37
264 519 520 224 223
265 520 232 25 224
266 230 521 519 231
267 521 522 520 519
268 522 233 232 520
269 229 523 521 230
270 523 524 522 521
271 524 234 233 522
272 228 525 523 229
273 525 526 524 523
274 526 235 234 524
275 227 527 525 228
276 527 528 526 525
277 528 236 235 526
278 38 225 527 227
279 225 226 528 527
280 226 33 236 528
281 296 14 284 615
282 615 284 283 616
283 616 283 43 305
284 297 296 615 617
285 617 615 616 618
286 618 616 305 304
287 298 297 617 619
288 619 617 618 620
289 620 618 304 303
290 299 298 619 621
291 621 619 620 622
292 622 620 303 302
293 300 299 621 623
294 623 621 622 624
295 624 622 302 301
296 5 300 623 295
297 295 623 624 294
298 294 624 301 44
299 419 420 123 124
300 420 125 18 123
301 421 422 420 419
302 422 126 125 420
303 423 424 422 421
304 424 127 126 422
305 129 419 124 19
306 130 421 419 129
307 131 423 421 130
308 425 426 135 136
309 426 427 134 135
310 427 121 11 134
311 423 428 426 425
312 428 429 427 426
313 429 122 121 427
314 128 430 137 20
315 430 425 136 137
316 127 424 430 128
317 424 423 425 430
318 429 133 17 122
319 428 132 133 429
320 423 131 132 428
321 3 269 583 282
322 269 270 584 583
323 270 41 273 584
324 282 583 585 281
325 583 584 586 585
326 584 273 274 586
327 281 585 587 280
328 585 586 588 587
329 586 274 275 588
330 280 587 589 279
331 587 588 590 589
332 588 275 276 590
333 279 589 591 278
334 589 590 592 591
335 590 276 277 592
336 278 591 271 13
337 591 592 272 271
338 592 277 42 272
339 89 375 75 1
340 375 376 76 75
341 376 377 77 76
342 377 378 78 77
343 378 379 79 78
344 379 88 6 79
345 90 380 375 89
346 380 381 376 375
347 381 382 377 376
348 382 383 378 377
349 383 384 379 378
350 384 87 88 379
351 91 385 380 90
352 385 386 381 380
353 386 387 382 381
354 387 388 383 382
355 388 389 384 383
356 389 86 87 384
357 92 390 385 91
358 390 391 386 385
359 391 392 387 386
360 392 393 388 387
361 393 394 389 388
362 394 85 86 389
363 8 84 390 92
364 84 83 391 390
365 83 82 392 391
366 82 81 393 392
367 81 80 394 393
368 80 9 85 394
369 343 344 51 50
370 344 345 52 51
371 345 53 1 52
372 346 347 344 343
373 347 348 345 344
374 348 54 53 345
375 55 349 49 2
376 349 343 50 49
377 56 350 349 55
378 350 346 343 349
379 348 63 3 54
380 347 62 63 348
381 346 61 62 347
382 56 57 351 350
383 57 58 352 351
384 58 4 64 352
385 350 351 353 346
386 351 352 354 353
387 352 64 65 354
388 65 5 59 354
389 354 59 60 353
390 353 60 61 346
391 19 174 647 323
392 174 173 648 647
393 173 172 649 648
394 172 171 650 649
395 171 170 651 650
396 170 21 320 651
397 323 647 652 322
398 647 648 653 652
399 648 649 654 653
400 649 650 655 654
401 650 651 656 655
402 651 320 321 656
403 322 652 315 46
404 652 653 316 315
405 653 654 317 316
406 654 655 318 317
407 655 656 319 318
408 656 321 45 319
409 443 444 152 151
410 444 153 23 152
411 445 446 444 443
412 446 154 153 444
413 157 447 149 22
414 447 448 150 149
415 448 443 151 150
416 158 449 447 157
417 449 450 448 447
418 450 445 443 448
419 158 24 159 449
420 449 159 160 450
421 450 160 161 445
422 161 162 451 445
423 162 163 452 451
424 163 25 164 452
425 164 165 453 452
426 165 26 156 453
427 452 453 454 451
428 453 156 155 454
429 451 454 446 445
430 454 155 154 446
431 329 657 138 15
432 657 658 139 138
433 658 659 140 139
434 659 660 141 140
435 660 661 142 141
436 661 320 21 142
437 330 662 657 329
438 662 663 658 657
439 663 664 659 658
440 664 665 660 659
441 665 666 661 660
442 666 321 320 661
443 47 328 662 330
444 328 327 663 662
445 327 326 664 663
446 326 325 665 664
447 325 324 666 665
448 324 45 321 666
449 133 677 331 17
450 677 678 332 331
451 678 342 48 332
452 132 679 677 133
453 679 680 678 677
454 680 341 342 678
455 131 681 679 132
456 681 682 680 679
457 682 340 341 680
458 130 683 681 131
459 683 684 682 681
460 684 339 340 682
461 129 685 683 130
462 685 686 684 683
463 686 338 339 684
464 19 323 685 129
465 323 322 686 685
466 322 46 338 686
467 37 223 529 239
468 223 224 530 529
469 224 25 163 530
470 239 529 531 240
471 529 530 532 531
472 530 163 162 532
473 240 531 533 241
474 531 532 534 533
475 532 162 161 534
476 241 533 535 242
477 533 534 536 535
478 534 161 160 536
479 242 535 537 243
480 535 536 538 537
481 536 160 159 538
482 243 537 238 39
483 537 538 237 238
484 538 159 24 237
485 97 395 93 10
486 395 396 94 93
487 98 397 395 97
488 397 398 396 395
489 396 399 95 94
490 399 400 96 95
491 400 102 11 96
492 398 401 399 396
493 401 402 400 399
494 402 101 102 400
495 98 99 403 397
496 99 100 404 403
497 100 12 103 404
498 397 403 405 398
499 403 404 406 405
500 404 103 104 406
501 104 13 105 406
502 406 105 106 405
503 405 106 107 398
504 107 108 401 398
505 108 109 402 401
506 109 14 101 402
507 14 109 593 284
508 284 593 594 283
509 283 594 285 43
510 109 108 595 593
511 593 595 596 594
512 594 596 286 285
513 108 107 597 595
514 595 597 598 596
515 596 598 287 286
516 107 106 599 597
517 597 599 600 598
518 598 600 288 287
519 106 105 601 599
520 599 601 602 600
521 600 602 289 288
522 105 13 271 601
523 601 271 272 602
524 602 272 42 289
525 487 488 183 184
526 488 197 31 183
527 489 490 488 487
528 490 198 197 488
529 201 491 186 30
530 491 492 185 186
531 492 487 184 185
532 202 493 491 201
533 493 494 492 491
534 494 489 487 492
535 490 495 199 198
536 495 496 200 199
537 496 203 32 200
538 489 497 495 490
539 497 498 496 495
540 498 204 203 496
541 202 33 205 493
542 493 205 206 494
543 494 206 207 489
544 207 208 497 489
545 208 209 498 497
546 209 34 204 498
547 63 625 269 3
548 625 626 270 269
549 626 310 41 270
550 62 627 625 63
551 627 628 626 625
552 628 309 310 626
553 61 629 627 62
554 629 630 628 627
555 630 308 309 628
556 60 631 629 61
557 631 632 630 629
558 632 307 308 630
559 59 633 631 60
560 633 634 632 631
561 634 306 307 632
562 5 295 633 59
563 295 294 634 633
564 294 44 306 634
565 209 561 248 34
566 561 562 249 248
567 562 264 40 249
568 208 563 561 209
569 563 564 562 561
570 564 263 264 562
571 207 565 563 208
572 565 566 564 563
573 566 262 263 564
574 206 567 565 207
575 567 568 566 565
576 568 261 262 566
577 205 569 567 206
578 569 570 568 567
579 570 260 261 568
580 33 226 569 205
581 226 225 570 569
582 225 38 260 570
583 17 331 667 112
584 331 332 668 667
585 332 48 333 668
586 112 667 669 113
587 667 668 670 669
588 668 333 334 670
589 113 669 671 114
590 669 670 672 671
591 670 334 335 672
592 114 671 673 115
593 671 672 674 673
594 672 335 336 674
595 115 673 675 116
596 673 674 676 675
597 674 336 337 676
598 116 675 329 15
599 675 676 330 329
600 676 337 47 330
